home: [[0,0,0,0,0,0,0]]
folded: [[-1.16, -2.10, -2.53, -1.78, -2.84, -0.97, 1.76]]
pregrasp2: [[-1.48, -2.09, -1.72, -1.50, -2.43, -0.72, 2.56]]
pregrasp: [[-1.18221111249192923, -1.9706444939748637, -1.2781797230424106, -1.9765367352379766, -3.2456310604874554, 0.88317176877346615, 3.5148573601216455]]
grasp: [[-1.84, -1.99, -1.19, -1.01, -2.56, -0.46, 2.73]]
grasp2: [[-1.84, -1.99, -1.19, -1.01, -2.56, -2.0, 2.73]]
grasp3: [[1.84, -1.99, -1.19, -2.01, -2.56, -0.5, 3.13]]
graspbrics: [[-1.7364576964931535, 1.2284057502507464, -1.5877668577970244, -1.641886359923441, -2.4491153177056759, -0.10684201883412303, 2.7300983058238479]]
grasp-to-tablet: [[-1.87, -1.76, -1.35, -0.91, -2.61, -1.09, 1.97],
 [-1.94, -1.74, -1.18, -1.68, -2.81, -1.45, 2.90],
 [-0.15,-1.15, -0.82, -2.10, -2.93, -1.37, 2.97],
 [1.99, -0.77, -2.00, -2.10, -2.83, -0.27, 2.96],
 [2.52, -1.12, -2.36, -1.90, -2.83, -0.25, 2.83]]
folded-to-pregrasp: [[-1.44, -2.08, -1.74, -1.44, -2.72, -1.77, 2.92],
 [-1.46, -2.10, -1.79, -1.42, -2.41, -0.91, 2.54]]
tablet-to-folded: [[2.01, -0.72, -2.15, -1.89, -2.78, -0.74, 2.82],
 [0.89, -1.73, -1.98, -1.67, -2.90, -0.89, 2.24],
 [-1.16, -2.10, -2.53, -1.78, -2.84, -0.97, 1.76]]
overtablet: [[2.52, -1.12, -2.36, -1.90, -2.83, -0.25, 2.83]]
tablet: [[2.47, -1.14, -2.43, -1.87, -2.82, -0.33, 2.78]]
coolerbutton: [[-1.26, -2.10, -1.43, -1.58, -1.47, -0.37, -1.47]]
coolerpregrasp: [[-1.33, -2.10, -1.58, -1.83, -0.73, -0.55, 0.88]]
coolergrasp: [[-1.02, -2.09, -1.44, -1.55, -0.72, -0.56, 0.89]]
coolerpostgrasp: [[-1.19, -2.08, -1.46, -1.65, -0.72, -0.45, 0.90]]
coolerpostgrasp-to-tablet: [[-1.50, -2.10, -1.47, -2.02, -1.58, -0.23, 1.78],
 [-0.15, -1.15, -0.82, -2.10, -2.93, -1.37, 2.97],
 [1.99, -0.77, -2.00, -2.10, -2.83, -0.27, 2.96],
 [2.52, -1.12, -2.36, -1.90, -2.83, -0.25, 2.83]]
pregrasp_tablecup: [[1.7453515257905323, -1.4302249795894761, -1.7985806233193928, -0.59330531114072738, -3.0167933774741567, -1.1098689227194916, 2.4801115303200945]]
