image: ipa-10cm.pgm
resolution: 0.100000
origin: [-12.800000, -17.600000, 0.000000]
negate: 0
occupied_thresh: 0.65
free_thresh: 0.196

